-1.496040193482396918e-01 6.666296591936684557e-01 1.288052567470662213e-01 1.844157594542054635e-01 2.836201033444987751e-01 -1.681102643116928919e+00 -8.893915972204742282e-01 -9.669197052123753577e-01 -1.270733690014237860e+00 2.252285433342229304e-01 -1.063204079282038306e+00 -1.826086371910949469e+00 -7.202222890772126407e-01 0.000000000000000000e+00
2.087074186223007999e+00 -4.798198122795088727e-01 9.216731705012418119e-02 -2.334255059493556050e+00 -6.068399947031350994e-01 1.248303263509458416e+00 1.671771053086707148e+00 6.404273372185860236e-01 2.034086693743671237e+00 2.252285433342229304e-01 1.137644547542268292e+00 1.431602860222180862e-01 1.164462673535890946e+00 0.000000000000000000e+00
1.309619194981664458e+00 -2.159544577340950788e-01 1.288052567470662213e-01 -1.670266803989703952e-01 2.151231727254500070e-01 6.786965594432162741e-01 8.733519272824441515e-01 -2.901420031361809926e-01 1.316373176058872607e+00 6.004262407838191207e-01 3.608744439572191820e-01 1.732251204944802170e-01 8.908793725114082518e-01 0.000000000000000000e+00
-4.007817857492900204e-01 -1.162230211965923798e+00 -4.574017784040177448e-01 -4.013216403010879674e-01 -5.886454975074503077e-02 -2.163996898037350569e-01 -1.428178691957088520e-01 -4.593364286552297227e-01 -2.191999315458122155e-01 -1.078583455303124161e+00 1.051336758255040582e+00 7.895542271758534403e-01 -9.634074455434195050e-01 0.000000000000000000e+00
-9.988240867041692228e-01 -7.345863614957705012e-01 6.050984728073224295e-01 -1.084529404234412520e-01 2.836201033444987751e-01 -7.209084848338355167e-01 -3.398303807577996438e-01 8.096217627376347536e-01 -9.369134492306105955e-01 -9.238144051051655481e-01 2.000722440414544945e+00 -6.084605757843343232e-01 -1.252189818847040170e+00 0.000000000000000000e+00
-8.979978925275303170e-02 5.028511632689286470e-01 1.227943447655351683e+00 4.772844593318521511e-01 -2.643553416078913143e-01 -1.290515188900077215e+00 -1.635965325245239743e+00 1.486399464813829230e+00 -1.404261786327688721e+00 -1.499691541153736207e-01 -9.337423953511965191e-01 -4.882012378952858556e-01 -5.074352771692816066e-01 0.000000000000000000e+00
-1.357649467277097566e+00 1.867671962641758165e+00 9.216731705012418119e-02 4.772844593318521511e-01 -1.223312370274574068e+00 8.577158092926063793e-01 9.874118023973387226e-01 -1.220711343490948231e+00 2.200996814135485202e+00 -9.941639733769650489e-01 -1.020050184638424451e+00 1.511110254510143802e+00 -1.176194457451350539e+00 0.000000000000000000e+00
5.680467417976150513e-01 -5.344126442544221423e-01 1.008115809473694613e+00 9.165875091483222104e-01 -7.438338559412326356e-01 4.345794005576841812e-01 -1.013820551891268407e+00 1.401802252054304754e+00 1.166154067706240749e+00 3.203360266840392878e+00 -1.796820288223473838e+00 -1.284919351410231503e+00 -4.466389880527298351e-01 0.000000000000000000e+00
-9.031373185513884572e-01 1.476423333488213974e+00 -6.039535371917891249e-01 -2.548872903622645958e-01 8.315955482968888646e-01 -1.550906825044645165e+00 -1.345631097680053179e+00 -5.439336414147540877e-01 -7.533123167996158553e-01 1.543110455625929855e+00 -1.451589131074562777e+00 -9.542061722153484249e-01 2.677174090667530093e-01 0.000000000000000000e+00
1.465110193229933966e+00 -4.980174229378133144e-01 2.387190758378955890e-01 -1.104206520007440240e+00 1.859049507582620331e+00 7.600689457383934533e-01 1.018519041065037545e+00 -6.285308541742780086e-01 1.166154067706240749e+00 3.377878525691014877e-01 2.314127600263775064e-01 1.932017937121812912e+00 9.060784447905461114e-01 0.000000000000000000e+00
1.429227655172639722e+00 -4.525233962920522934e-01 3.119949552317812791e-01 -1.221353999958499026e+00 8.315955482968888646e-01 1.524969376913061447e+00 1.360698666409721813e+00 -1.209475776171322625e-01 6.320416824524370814e-01 8.583746577804164390e-01 2.745666546699914168e-01 3.235492928557908154e-01 2.076407010284166965e+00 0.000000000000000000e+00
5.373036297641918535e-02 -1.886580417466386661e-01 3.133116311896378292e+00 1.648759258842438902e+00 1.653558715725474082e+00 4.834028323347903111e-01 6.244940179408559056e-01 9.788161882566830396e-01 5.485866222565302097e-01 -6.283462183636085996e-01 6.197978118189015895e-01 8.496838961203776464e-01 1.917220476710633226e-01 0.000000000000000000e+00
-7.596071663222183634e-01 -1.080340964003553950e+00 -9.703329341612176862e-01 -2.548872903622645958e-01 -8.123307865602814593e-01 1.931831308388948676e+00 1.733985530422104349e+00 -9.669197052123753577e-01 5.986596583740744215e-01 -1.968688662965729641e-01 2.314127600263775064e-01 2.032899549667423478e-01 -3.250464098196264029e-01 0.000000000000000000e+00
6.637335099503958169e-01 -4.980174229378133144e-01 -2.009362005254186068e-01 -9.284853000808522827e-01 1.174080201392132761e+00 1.329675649804635595e+00 1.257007870850726405e+00 -1.209475776171322625e-01 1.249609127902147288e+00 5.675964422569792500e-01 -1.569722917661474926e-01 1.120267406370736074e+00 8.532854171709780555e-02 0.000000000000000000e+00
-9.509807026277777853e-01 -9.711553000537277436e-01 -2.252660823554216485e+00 -7.527640801542637705e-01 3.502975842439790544e+00 -7.860063938699771713e-01 -8.271771198850771389e-01 -1.812891832807618009e+00 1.516665320529049232e+00 -9.707141172863651413e-01 1.267106231473109856e+00 6.542624720506735603e-01 -1.487371713816263707e-01 0.000000000000000000e+00
1.972605152055892652e-01 2.668366831607152267e+00 -1.642982608284765667e-01 7.701531592094988943e-01 -4.698461334650376187e-01 -9.650256437193676096e-01 -1.501167291018546068e+00 2.163177166890023262e+00 -6.898082319317984379e-02 1.397721347864211205e+00 -1.667358604292632274e+00 -1.735891868494163104e+00 -1.274584701908332562e-01 0.000000000000000000e+00
-5.682336300166568321e-01 2.959528602140022446e+00 1.008115809473694613e+00 1.648759258842438902e+00 -2.643553416078913143e-01 -8.836532574241900972e-01 -1.532274529686244335e+00 2.332371592409071770e+00 -8.200763649563409530e-01 3.762969460942466177e-02 -7.179729221331275779e-01 -1.420211106535411050e+00 -7.658195059146264416e-01 0.000000000000000000e+00
8.670678922750546525e-01 -6.890923348500094248e-01 1.227943447655351683e+00 9.165875091483222104e-01 7.812931148735249853e-02 1.085558490919103392e+00 1.215531552627128420e+00 -5.439336414147540877e-01 1.316373176058872607e+00 3.659276798778214324e-01 8.787211796805849406e-01 1.130954515499559693e-01 1.574837625072615266e+00 0.000000000000000000e+00
-6.998029362267296216e-01 1.976857626591584705e+00 1.337857266746179441e+00 2.088062308658908961e+00 1.466262421064012667e-01 -2.163996898037350569e-01 5.419464236638198845e-02 6.404273372185860236e-01 1.980753694337217541e-01 -1.331841901081601609e+00 -2.864339756969886963e-01 7.294245582313292342e-01 -1.221791674288764451e+00 0.000000000000000000e+00
-2.811733255583145907e-01 1.066977093676365174e+00 -1.409988210524531826e+00 -9.870590400563813427e-01 -1.360306231512671493e+00 -1.144044893568758159e+00 -8.582843585527756280e-01 6.404273372185860236e-01 -1.270733690014237860e+00 -7.127657002897678229e-01 -1.235819657856493725e+00 -7.738171653817756956e-01 -1.200512973097971337e+00 0.000000000000000000e+00
-1.860005000079196114e+00 1.298001447736883973e-01 2.020811361409519114e-01 1.844157594542054635e-01 -2.643553416078913143e-01 9.228137183287483669e-01 7.385538930557504766e-01 -2.901420031361809926e-01 3.983675139038982405e-01 -7.831152685615671016e-01 -8.042807114203549546e-01 1.135299823606867431e+00 -4.314399157735919199e-01 0.000000000000000000e+00
4.723599736448342301e-01 2.131537317187171876e+00 1.814150482806435649e+00 1.648759258842438902e+00 8.315955482968888646e-01 -5.744381895025160167e-01 -1.158987665673861800e+00 -7.131280669338022626e-01 -8.033853529171595120e-01 1.679119620951408098e+00 -1.365281341787335068e+00 -1.074465510104396948e+00 -4.162408434944539493e-01 0.000000000000000000e+00
1.254954390910031636e-01 -1.134933795978467330e+00 -2.435850522038930599e+00 -1.279927739934028086e+00 -1.497300092750769140e+00 1.053009536401032342e+00 1.142947995735831945e+00 -7.977252796933266277e-01 1.149463055667058864e+00 1.783288311530231707e-01 5.766439171752886228e-01 8.196190616481155988e-01 -8.053370938403850987e-01 0.000000000000000000e+00
-2.811733255583145907e-01 1.207013394445363846e-01 -3.108500196162479745e-01 3.798140951538209881e-02 -9.493246477983789955e-01 -1.534632347785609641e+00 -1.625596245689340247e+00 1.063413401016207294e+00 -1.587862918758683684e+00 2.335715122491079487e+00 -1.796820288223473838e+00 -1.510405609952197414e+00 -9.026111564268678444e-01 0.000000000000000000e+00
-5.084293999211680903e-01 -8.801672467622055906e-01 -9.703329341612176862e-01 1.844157594542054635e-01 2.151231727254500070e-01 -1.388162052454290141e+00 -1.553012688798043550e+00 1.486399464813829230e+00 -3.193460037809004448e-01 1.257022211320612204e+00 -1.753666393579859983e+00 -1.630664947841245604e+00 -3.858426989361781190e-01 0.000000000000000000e+00
6.158901258740043794e-01 8.304081551184078203e-01 1.301219327049237373e+00 1.209456209025968842e+00 -1.958584109888425462e-01 -1.274240711641041690e+00 -1.615227166133440528e+00 1.232607826535256024e+00 -1.738082027111315764e+00 -2.672184345683724094e-01 -4.158956596278303719e-01 -8.640116687985620603e-01 -7.506204336354884710e-01 0.000000000000000000e+00
6.876552019885904254e-01 -5.435114495835743353e-01 -1.774650204070517961e-02 -7.916607043567616686e-02 4.206139645825963114e-01 8.577158092926063793e-01 1.153317075291731220e+00 -1.136114130731423977e+00 5.986596583740744215e-01 9.287242260522158288e-01 4.471822332444469472e-01 3.686465445641837202e-01 2.273994949912959918e+00 0.000000000000000000e+00
1.022558890523322050e+00 -6.799935295208572317e-01 1.118029628564522371e+00 1.648759258842438902e+00 -9.493246477983789955e-01 1.004186104623926212e+00 8.111374499470469512e-01 -1.220711343490948231e+00 4.651315620606237267e-01 -7.221456427260077859e-01 1.612337388622021139e+00 7.895542271758534403e-01 -1.085000023776522937e+00 0.000000000000000000e+00
-4.366643238065819888e-01 -8.164756094581401280e-01 -1.263436451736760446e+00 -7.527640801542637705e-01 9.632380868303732149e-03 -5.093402804663740291e-01 -6.923790856583834641e-01 1.486399464813829230e+00 -1.621244942837046343e+00 3.893775359684211179e-01 -2.751060783530583087e-02 -1.570535278896721287e+00 -9.634074455434195050e-01 0.000000000000000000e+00
8.670678922750546525e-01 1.913165989287519908e+00 -3.841258990101336646e-01 9.165875091483222104e-01 -8.123307865602814593e-01 -1.713651597634999968e+00 -1.667072563912938232e+00 1.401802252054304754e+00 -7.366213047604344144e-01 7.974050319448570123e-01 -8.905885007075826643e-01 -1.330016603118624685e+00 -7.506204336354884710e-01 0.000000000000000000e+00
1.261775810905275019e+00 -9.766998845511658256e-02 8.982019903828651897e-01 -5.184691202521461983e-01 1.448067923868327833e+00 4.345794005576841812e-01 4.482196654905636346e-01 -3.747392158957053576e-01 -5.697111843686206711e-01 6.107955070002434733e-02 3.177205493136052716e-01 1.420915751093357438e+00 1.605235769630890985e+00 0.000000000000000000e+00
-1.620788079697243145e+00 -5.344126442544221423e-01 9.348399300798089229e-01 1.941627958720085756e+00 -8.123307865602814593e-01 -6.720850530567290537e-01 -4.849974945403928706e-01 3.866356989400134281e-01 -4.194920760159883133e-01 -1.087963397739363902e+00 1.612337388622021139e+00 8.647163133565084481e-01 -6.229482264907298950e-01 0.000000000000000000e+00
-7.596071663222183634e-01 -1.198625433282532793e+00 -3.681540471734986220e+00 -2.568550019395673623e+00 -8.123307865602814593e-01 -5.744381895025160167e-01 -1.563381768353943269e+00 -6.285308541742780086e-01 -1.955065183620673608e+00 -1.392811526917160814e+00 2.745666546699914168e-01 -1.224789682465707186e+00 -7.506204336354884710e-01 0.000000000000000000e+00
6.637335099503958169e-01 -4.798198122795088727e-01 3.486328949287232915e-01 3.308501093930288350e-01 1.105583270773083937e+00 1.020460581882961515e+00 7.281848134998507582e-01 -1.305308556250472263e+00 1.433210260333142694e+00 6.238760968744188062e-01 -2.751060783530583087e-02 5.941328031061492432e-01 1.073268239861063345e+00 0.000000000000000000e+00
9.986371984851274419e-01 1.694794661387866830e+00 5.552937735318051737e-02 3.798140951538209881e-02 -7.438338559412326356e-01 -8.673787801651546836e-01 -1.293785699900555475e+00 1.063413401016207294e+00 -5.228981115399847224e-02 1.918308153075525713e+00 -1.796820288223473838e+00 -1.495373192716066280e+00 -8.722130118685919031e-01 0.000000000000000000e+00
9.866763524660300266e-01 -5.526102549127265284e-01 8.615640506859232328e-01 -6.356166002032055395e-01 -4.013492028459888505e-01 1.904622416721520606e-01 9.459354841737410702e-01 -1.136114130731423977e+00 1.166154067706240749e+00 3.190279676966216726e-01 1.094490652898654437e+00 1.105234989134605383e+00 1.514041335956063383e+00 0.000000000000000000e+00
-1.106471700876047404e+00 -1.025748132028641013e+00 5.318225934134367394e-01 1.355890558964792270e+00 -1.497300092750769140e+00 -5.418892349844450784e-01 -5.161047332080914707e-01 3.866356989400134281e-01 -3.193460037809004448e-01 -1.275562246464162053e+00 1.396567915403951643e+00 1.281278687860873677e-01 -4.162408434944539493e-01 0.000000000000000000e+00
-1.907848384155585553e+00 -1.380601539865576655e+00 4.951846537164947271e-01 4.772844593318521511e-01 -8.123307865602814593e-01 2.392856734492581905e-01 -7.023431230441236350e-02 5.558301244590616585e-01 -2.525819556241749586e-01 -8.628447792696062324e-01 4.903361278880608576e-01 -4.882012378952858556e-01 -1.012044476836660989e+00 0.000000000000000000e+00
-1.974474034246311294e-01 6.393332432062116544e-01 8.982019903828651897e-01 1.355890558964792270e+00 7.812931148735249853e-02 -2.110596269530979480e-02 -1.532274529686244335e+00 1.486399464813829230e+00 -1.304115714092600520e+00 1.099248644650078777e-04 -4.158956596278303719e-01 -7.287199136733828464e-01 -5.378334217275574369e-01 0.000000000000000000e+00
9.149112763514439806e-01 -3.251401216839215902e-01 1.154667568261465993e+00 -6.649034701909696254e-01 1.037086340154035113e+00 1.085558490919103392e+00 7.385538930557504766e-01 3.020384861804890630e-01 1.480023333161776533e-01 6.473259529650184918e-01 6.197978118189015895e-01 4.438086307448393386e-01 1.848420926097098071e+00 0.000000000000000000e+00
1.261775810905275019e+00 -5.708078655710310256e-01 -3.108500196162479745e-01 -9.870590400563813427e-01 1.790552576963571507e+00 1.085558490919103392e+00 1.132578916179932227e+00 -9.669197052123753577e-01 8.490248389617950364e-01 3.424778237872217468e-01 4.471822332444469472e-01 1.616337175163060857e+00 3.973132487968400461e-02 0.000000000000000000e+00
7.953028161604684954e-01 -9.165624680788144740e-01 -1.629815848706188897e+00 -4.013216403010879674e-01 -4.013492028459888505e-01 -3.791444623940900538e-01 -2.983540625342015473e-01 -2.901420031361809926e-01 -1.437643810406051381e+00 -5.251668515649697833e-01 1.051336758255040582e+00 -2.627149793533202771e-01 -4.162408434944539493e-01 0.000000000000000000e+00
3.288298214156620269e-01 -5.617090602418787215e-01 1.740874603412549959e+00 -1.133493389995204659e+00 6.946016870587913283e-01 4.345794005576841812e-01 6.244940179408559056e-01 -1.209475776171322625e-01 -3.861100519376255980e-01 -1.499691541153736207e-01 4.471822332444469472e-01 2.183223722028730662e-01 3.437127704624426405e-01 0.000000000000000000e+00
4.245165895684427926e-01 2.753810300401237088e-01 -5.438444173764721279e-02 1.844157594542054635e-01 -7.438338559412326356e-01 -1.518357870526574338e+00 -1.635965325245239743e+00 1.328440606614403607e-01 -1.587862918758683684e+00 3.190279676966216726e-01 -1.235819657856493725e+00 -2.476825621171888647e-01 3.973132487968400461e-02 0.000000000000000000e+00
7.354985860649797536e-01 2.449995503707499633e+00 -5.438444173764721279e-02 1.844157594542054635e-01 -5.383430640840863868e-01 -5.418892349844450784e-01 -1.324892938568253964e+00 9.788161882566830396e-01 -9.536044612697919254e-01 -2.437685784777723352e-01 -3.295878703406026067e-01 -8.790440860346934171e-01 -6.594259999606608691e-01 0.000000000000000000e+00
-9.031373185513884572e-01 -4.798198122795088727e-01 -8.970570547673318851e-01 -1.084529404234412520e-01 -1.360306231512671493e+00 -1.111495939050687110e+00 -4.949615319261330831e-02 1.328440606614403607e-01 6.454727312027076780e-02 -7.127657002897678229e-01 5.879718145192194823e-02 8.045866444119841310e-01 -7.810185781937643013e-01 0.000000000000000000e+00
-1.656670617754537389e+00 -2.432508737215517136e-01 -3.108500196162479745e-01 -4.013216403010879674e-01 -1.273614803697938058e-01 1.118107445437174441e+00 1.889926765930756425e-01 -1.559100194529045247e+00 -4.028010639768069834e-01 -7.831152685615671016e-01 7.492594957497432651e-01 4.889058824532321879e-01 -1.282587963405316112e+00 0.000000000000000000e+00
-1.453336235429878442e+00 -1.158675991134210104e-01 1.521046965230892889e+00 2.673799708414202669e+00 -5.383430640840863868e-01 -3.303210306169839239e-01 1.682545174812770383e-01 1.909385528611450056e+00 2.815304296296286535e-01 -9.003645490145658625e-01 -7.066450247891972736e-02 -2.927798138255823801e-01 -9.147704142501781321e-01 0.000000000000000000e+00
-8.552939344749991291e-01 -5.890054762293351898e-01 -5.673155974948470570e-01 3.015632394052636944e-01 2.151231727254500070e-01 -2.006592188297638302e+00 -1.096773188338464600e+00 1.328440606614403607e-01 -2.191999315458122155e-01 -8.769146929239661770e-01 -3.468494281980481486e-01 -1.224789682465707186e+00 3.133146259041668102e-01 0.000000000000000000e+00
9.029504303323466763e-01 -6.617959188625528455e-01 1.227943447655351683e+00 3.798140951538209881e-02 2.201534160677864005e+00 1.004186104623926212e+00 6.867084952762531058e-01 1.232607826535256024e+00 -4.028010639768069834e-01 2.252285433342229304e-01 1.137644547542268292e+00 5.490355513977563939e-01 1.422846902281235781e+00 0.000000000000000000e+00
-8.552939344749991291e-01 8.304081551184078203e-01 -5.673155974948470570e-01 -4.013216403010879674e-01 -8.123307865602814593e-01 8.414413320335712987e-01 9.459354841737410702e-01 8.096217627376347536e-01 2.034086693743671237e+00 -1.228662534282962682e+00 1.871260756483703380e+00 2.934844583835287124e-01 -1.097159281599833447e+00 0.000000000000000000e+00
1.852996691864919332e-01 9.340492345707956945e-02 1.118029628564522371e+00 -2.256004203744995107e-01 7.812931148735249853e-02 7.600689457383934533e-01 1.205162473071229146e+00 -4.593364286552297227e-01 2.034086693743671237e+00 3.565477374415813028e-01 1.882588653827636238e-01 8.045866444119841310e-01 1.270856179489856519e+00 0.000000000000000000e+00
4.603991276257369258e-01 -4.434245909629000448e-01 9.348399300798089229e-01 -9.577721700686162576e-01 -4.698461334650376187e-01 8.414413320335712987e-01 8.940900863942431442e-01 -1.209475776171322625e-01 -2.358909435849936009e-01 -5.616972975297447601e-02 -2.864339756969886963e-01 8.797487305926398049e-01 1.301254324048132460e+00 0.000000000000000000e+00
9.268721223705412848e-01 4.573571366231674595e-01 -2.375741402223622845e-01 7.701531592094988943e-01 -6.753369253221839230e-01 -1.599730256821751295e+00 -1.449321893239048142e+00 4.712329116995372935e-01 -9.369134492306105955e-01 2.185636512508362994e+00 -1.235819657856493725e+00 -1.435243523771542185e+00 -4.618380603318677502e-01 0.000000000000000000e+00
-1.615648653673391333e-01 2.140636122516324846e+00 4.219087743226090370e-01 6.237188092706754672e-01 -9.493246477983789955e-01 -1.030123552755509708e+00 -1.480429131906747076e+00 9.788161882566830396e-01 -1.220660653896693759e+00 1.280472067411212223e+00 -1.926281972154315181e+00 -1.164660013521183091e+00 -4.314399157735919199e-01 0.000000000000000000e+00
-5.801944760357542474e-01 1.570965607611452264e-01 -7.138673562826185481e-01 4.772844593318521511e-01 -8.123307865602814593e-01 3.532070142625063358e-01 1.993617561489753887e-01 -7.977252796933266277e-01 -6.197842204861647719e-01 -1.369361670826561239e+00 -3.727417649842164615e-01 2.183223722028730662e-01 -1.343384252521867772e+00 0.000000000000000000e+00
1.309619194981664458e+00 -8.857118312596418130e-02 -2.375741402223622845e-01 -4.013216403010879674e-01 3.521170339635475433e-01 1.004186104623926212e+00 1.288115109518424894e+00 -1.136114130731423977e+00 1.316373176058872607e+00 3.893775359684211179e-01 1.137644547542268292e+00 8.045866444119841310e-01 2.258795877633822169e+00 0.000000000000000000e+00
-1.202158469028828058e+00 -1.216823043940837179e+00 -1.336712331130646136e+00 -1.084529404234412520e-01 -9.493246477983789955e-01 1.416388098950451813e-01 1.889926765930756425e-01 -4.593364286552297227e-01 -2.692729676633563440e-01 -1.134863109920563495e+00 1.698645177909247961e+00 7.294245582313292342e-01 -1.486255531945764430e+00 0.000000000000000000e+00
-6.639203981694375978e-01 7.030248805102768950e-01 1.008115809473694613e+00 2.234496658597732388e+00 -1.958584109888425462e-01 -7.046340075747999920e-01 -1.553012688798043550e+00 2.332371592409071770e+00 -7.533123167996158553e-01 1.210122499139412833e+00 -1.365281341787335068e+00 -1.360081437590886733e+00 3.437127704624426405e-01 0.000000000000000000e+00
2.331430532628812613e-01 -4.343257856337478517e-01 -8.237811753734461950e-01 -2.392828799469085777e+00 9.632380868303732149e-03 5.159517868528613604e-01 7.074466543880516545e-01 -7.977252796933266277e-01 -5.196381482510765704e-01 -2.531485209140124648e-01 2.745666546699914168e-01 1.150332240842998344e+00 8.604812279531323105e-01 0.000000000000000000e+00
-8.552939344749991291e-01 5.210487739272331442e-01 -5.306776577979034348e-01 -4.013216403010879674e-01 -8.123307865602814593e-01 1.904622416721520606e-01 1.786235970371763404e-01 -8.823224924528509927e-01 6.654237065307998522e-01 -1.299012102554761849e+00 7.061056011061292992e-01 1.000008068481687662e+00 -1.449777758475833345e+00 0.000000000000000000e+00
1.453149347210836551e+00 1.576510192108888431e+00 5.318225934134367394e-01 -1.807091399713792290e+00 1.927546438201669154e+00 1.085558490919103392e+00 9.977808819532384410e-01 -1.305308556250472263e+00 8.156428148834322656e-01 8.452940679062402596e-02 -4.158956596278303719e-01 1.345753664912701764e+00 -2.106496423686772881e-02 0.000000000000000000e+00
-8.074505503986076915e-01 -1.053044548016097259e+00 -3.108500196162479745e-01 -9.870590400563813427e-01 7.812931148735249853e-02 -4.605168486892678992e-01 -1.024189631447167903e+00 2.332371592409071770e+00 -1.971756195659855049e+00 -7.737353261253271386e-01 1.137644547542268292e+00 -1.450275941007673097e+00 -2.642501207030746313e-01 0.000000000000000000e+00
7.474594320840791672e-01 -4.070293696462912170e-01 1.227943447655351683e+00 -6.356166002032055395e-01 8.315955482968888646e-01 8.414413320335712987e-01 8.629828477265448772e-01 -4.593364286552297227e-01 -2.191999315458122155e-01 1.116323074777013646e+00 1.267106231473109856e+00 3.686465445641837202e-01 1.650832986468304897e+00 0.000000000000000000e+00
3.766732054920534645e-01 8.940997924224733939e-01 5.552937735318051737e-02 6.237188092706754672e-01 -5.383430640840863868e-01 -6.558105757976935291e-01 -1.366369256791852171e+00 8.096217627376347536e-01 -5.697111843686206711e-01 1.641599851206448468e+00 -1.883128077510701104e+00 -1.525438027188328105e+00 -3.554445543779022332e-01 0.000000000000000000e+00
8.790287382941519567e-01 -5.344126442544221423e-01 -4.207638387070757324e-01 -8.699115601053231117e-01 1.242577132011181362e+00 4.345794005576841812e-01 8.526137681706450477e-01 -1.220711343490948231e+00 4.785626108108977095e-02 4.362772481496204890e-01 -2.864339756969886963e-01 8.496838961203776464e-01 8.908793725114082518e-01 0.000000000000000000e+00
-1.154315084952438841e+00 1.858573157312606305e+00 5.552937735318051737e-02 7.701531592094988943e-01 -1.360306231512671493e+00 -3.791444623940900538e-01 -3.398303807577996438e-01 5.558301244590616585e-01 -4.028010639768069834e-01 -1.087963397739363902e+00 -8.474346060639688094e-01 -9.735838975587890465e-02 -5.682315662858332672e-01 0.000000000000000000e+00
1.548836115363617427e+00 -3.069425110256171485e-01 1.301219327049237373e+00 1.844157594542054635e-01 1.379570993249279010e+00 7.600689457383934533e-01 1.101471677512233738e+00 -2.055447903766566276e-01 6.320416824524370814e-01 6.004262407838191207e-01 3.608744439572191820e-01 2.290094813316959771e-02 1.559638552793477295e+00 0.000000000000000000e+00
-1.106471700876047404e+00 -7.891791934706837708e-01 4.951846537164947271e-01 9.165875091483222104e-01 -1.086318509036476421e+00 3.694814915215421935e-01 2.200999152607744647e-01 6.404273372185860236e-01 -9.202224371914291545e-01 -9.472642611957654557e-01 -2.432800810533748137e-01 8.346514788842462895e-01 -1.160995385172212568e+00 0.000000000000000000e+00
-4.845077078829734263e-01 1.843929767486016391e-01 -6.039535371917891249e-01 -2.548872903622645958e-01 -4.013492028459888505e-01 -1.160319370827793239e+00 -1.470060052350847135e+00 2.332371592409071770e+00 -1.087132557583242898e+00 1.022523650414614682e+00 -1.106357973925652161e+00 -1.585567696132852422e+00 -2.186529038656608581e-01 0.000000000000000000e+00
-8.552939344749991291e-01 -7.709815828123793846e-01 -1.409988210524531826e+00 -9.870590400563813427e-01 -1.017821578417427597e+00 3.532070142625063358e-01 4.378505859346643603e-01 -5.439336414147540877e-01 2.982214416688099834e-01 -9.472642611957654557e-01 1.051336758255040582e+00 1.581927032583494985e-01 -1.030283363571626420e+00 0.000000000000000000e+00
9.866763524660300266e-01 -6.254006975459439621e-01 9.348399300798089229e-01 1.844157594542054635e-01 1.037086340154035113e+00 1.004186104623926212e+00 1.371067745965621087e+00 3.866356989400134281e-01 2.147663814729031395e-01 7.880250895086169383e-01 6.197978118189015895e-01 -9.735838975587890465e-02 1.103666384419339286e+00 0.000000000000000000e+00
1.632562037497298668e+00 -2.796460950381605137e-01 4.951846537164947271e-01 -7.527640801542637705e-01 9.000924789159376882e-01 2.468889057937119880e+00 1.464389461968716999e+00 -9.669197052123753577e-01 9.825529352752460088e-01 1.350821635683011390e+00 -5.453573435586720475e-01 1.225494327023653796e+00 2.167601443958994345e+00 0.000000000000000000e+00
6.876552019885904254e-01 2.935786406984281505e-01 1.191305507958408061e+00 1.502324908903615697e+00 3.521170339635475433e-01 -1.274240711641041690e+00 -1.283416620344656200e+00 3.020384861804890630e-01 -8.567183523236122922e-02 1.754159160441327359e+00 -1.063204079282038306e+00 -1.254854516937969455e+00 -5.146310879514359032e-02 0.000000000000000000e+00
4.843208196639315899e-01 1.440028112171604979e+00 -8.970570547673318851e-01 -1.670266803989703952e-01 -6.753369253221839230e-01 1.904622416721520606e-01 6.244940179408559056e-01 -7.131280669338022626e-01 -1.858179074674494724e-01 -3.000482330952118359e-01 -3.295878703406026067e-01 5.490355513977563939e-01 8.148840111157185095e-01 0.000000000000000000e+00
-7.715680123413157787e-01 1.430929306842453119e+00 5.552937735318051737e-02 4.772844593318521511e-01 -8.123307865602814593e-01 -5.365491721338078862e-02 -1.200463983897460007e+00 1.232607826535256024e+00 -9.202224371914291545e-01 1.280472067411212223e+00 -1.839974182867087249e+00 -1.585567696132852422e+00 -7.506204336354884710e-01 0.000000000000000000e+00
5.373036297641918535e-02 3.223393956685435935e+00 -8.604191150703899282e-01 6.237188092706754672e-01 -9.493246477983789955e-01 4.671283550757551750e-01 5.933867792731570834e-01 -4.593364286552297227e-01 6.988057306091622900e-01 -1.087963397739363902e+00 -1.106357973925652161e+00 6.993597237590670757e-01 -1.176194457451350539e+00 0.000000000000000000e+00
-1.735257113864364653e-01 -8.255744147872924321e-01 -1.642982608284765667e-01 -4.013216403010879674e-01 1.516564854487376435e+00 -1.339338620677183789e+00 -8.582843585527756280e-01 -1.220711343490948231e+00 -1.087132557583242898e+00 -3.844677150213712813e-01 -9.768962899948104850e-01 -2.021507795980652666e+00 -4.162408434944539493e-01 0.000000000000000000e+00
1.333540887019859067e+00 -7.072899455083139220e-01 -1.642982608284765667e-01 -7.527640801542637705e-01 -3.328522722269400824e-01 -2.163996898037350569e-01 3.652670290433678857e-01 -7.977252796933266277e-01 -3.559879911481710069e-02 3.762969460942466177e-02 7.924133903933571199e-01 2.784520411473973001e-01 1.559638552793477295e+00 0.000000000000000000e+00
6.039292798549069641e-01 -4.161281749754434656e-01 1.044753749170636681e+00 -1.084529404234412520e-01 6.946016870587913283e-01 2.771746908179706370e-02 4.689578246023626829e-01 -5.439336414147540877e-01 -8.567183523236122922e-02 -3.375680028401714661e-01 4.903361278880608576e-01 3.536141273280529740e-01 9.972728784653737133e-01 0.000000000000000000e+00
1.441188501191739357e+00 1.622004218754649285e+00 2.753570155348376014e-01 -1.377398104112063371e-01 7.630986176778401520e-01 8.414413320335712987e-01 5.933867792731570834e-01 -4.593364286552297227e-01 -5.697111843686206711e-01 1.501890038443036424e-01 -5.022034489150581926e-01 1.045105320190081066e+00 9.516756616279599124e-01 0.000000000000000000e+00
8.192245081986632149e-01 9.122974030807774470e-01 6.417364125042660516e-01 1.844157594542054635e-01 4.891108952016450795e-01 -8.185553483880481096e-01 -1.573750847909842543e+00 1.232607826535256024e+00 -1.320806726131781739e+00 4.503471618039804336e-01 -1.138183971225336100e-01 -1.224789682465707186e+00 -2.642501207030746313e-01 0.000000000000000000e+00
-1.417453697372584420e+00 -7.163887508374661151e-01 -1.373350270827588870e+00 4.187107193563230356e-01 -9.493246477983789955e-01 -5.744381895025160167e-01 -4.953665740962923669e-01 -4.593364286552297227e-01 -1.023628472715426008e-01 -1.392811526917160814e+00 -1.569722917661474926e-01 1.045105320190081066e+00 -8.266157950311781022e-01 0.000000000000000000e+00
-3.409775556538012231e-01 -4.616222016212044865e-01 -3.108500196162479745e-01 9.165875091483222104e-01 -1.086318509036476421e+00 -1.550906825044645165e+00 -3.294613012019001475e-01 1.063413401016207294e+00 6.454727312027076780e-02 -7.596654124709674161e-01 -4.590495542714442823e-01 -3.228446482978444831e-01 -8.478944962219712167e-01 0.000000000000000000e+00
5.680467417976150513e-01 -4.070293696462912170e-01 1.654431964440098712e-01 3.308501093930288350e-01 9.632380868303732149e-03 5.973241731480392058e-01 9.355664046178413518e-01 -7.977252796933266277e-01 4.484405500214423967e-01 8.452940679062402596e-02 2.314127600263775064e-01 1.255559161495916065e+00 4.653053486955461282e-01 0.000000000000000000e+00
-1.118432546895144597e+00 -8.857118312596418130e-02 -7.138673562826185481e-01 4.772844593318521511e-01 -1.017821578417427597e+00 4.345794005576841812e-01 5.933867792731570834e-01 1.328440606614403607e-01 -4.028010639768069834e-01 -1.012923858249444864e+00 -5.453573435586720475e-01 9.699432340094255034e-01 -1.182274086363005683e+00 0.000000000000000000e+00
-2.362360532881294883e+00 -6.799935295208572317e-01 -6.039535371917891249e-01 6.237188092706754672e-01 -1.017821578417427597e+00 2.067367189311871967e-01 9.567096058998010577e-02 1.401802252054304754e+00 6.988057306091622900e-01 -1.416261383007760832e+00 3.122723701148505171e+00 3.536141273280529740e-01 -1.094119467144005764e+00 0.000000000000000000e+00
2.182760954375788653e+00 -5.617090602418787215e-01 -7.138673562826185481e-01 -1.572796439811674718e+00 -1.958584109888425462e-01 7.600689457383934533e-01 9.355664046178413518e-01 -5.439336414147540877e-01 6.487326944916185223e-01 1.314291189718237995e-01 4.040283386008330924e-01 3.235492928557908154e-01 8.452821556739944509e-01 0.000000000000000000e+00
-4.845077078829734263e-01 -8.346732201164446252e-01 -1.703091728100074587e+00 -2.548872903622645958e-01 -8.123307865602814593e-01 -1.436985484231396715e+00 -7.442244834378808349e-01 -5.439336414147540877e-01 -4.028010639768069834e-01 -1.158312966011163292e+00 2.314127600263775064e-01 2.032899549667423478e-01 -6.229482264907298950e-01 0.000000000000000000e+00
1.381384271096250504e+00 2.298870033943624658e-01 4.219087743226090370e-01 1.844157594542054635e-01 -6.068399947031350994e-01 -1.062672507273580536e+00 -1.428583734127249372e+00 7.250245499781103886e-01 -5.864021964078021121e-01 2.241916167125802328e+00 -1.581050815005404342e+00 -1.390146272063149002e+00 -3.250464098196264029e-01 0.000000000000000000e+00
5.373036297641918535e-02 -4.798198122795088727e-01 -1.190160572342874756e+00 -2.041386359615909640e+00 -5.383430640840863868e-01 6.298731276661101441e-01 1.236269711738927413e+00 -1.559100194529045247e+00 2.200996814135485202e+00 1.069423362595814275e+00 5.766439171752886228e-01 4.137437962725772356e-01 1.164462673535890946e+00 0.000000000000000000e+00
8.551070462559573482e-01 -7.527839721540748874e-01 4.951846537164947271e-01 -7.820509501420288556e-01 5.576078258206937921e-01 1.736537581280522602e+00 1.651032893974908156e+00 -1.389905769009996739e+00 7.488787667267067238e-01 8.818245138710161246e-01 -4.158956596278303719e-01 3.536141273280529740e-01 1.574837625072615266e+00 0.000000000000000000e+00
1.453149347210836551e+00 -5.071162282669655630e-01 -2.375741402223622845e-01 -8.991984300930871976e-01 1.242577132011181362e+00 1.411048036099813441e+00 9.563045637296403445e-01 -7.977252796933266277e-01 7.321877546875249498e-01 6.848457227099781219e-01 -2.001261864097614029e-01 1.015040485717819019e+00 6.172960714869254462e-01 0.000000000000000000e+00
1.656483729535495497e+00 -3.524365376713780029e-01 3.119949552317812791e-01 -1.397075219885086872e+00 -2.643553416078913143e-01 2.718346279673292121e-01 4.585887450464634085e-01 -4.593364286552297227e-01 6.487326944916185223e-01 1.548789750624234851e-01 1.451049707391497412e-01 1.420915751093357438e+00 1.590036697351753014e+00 0.000000000000000000e+00
8.072636621795659106e-01 -3.888317589879868308e-01 -1.774650204070517961e-02 -6.356166002032055395e-01 2.836201033444987751e-01 1.416388098950451813e-01 6.348630974967551799e-01 5.558301244590616585e-01 6.320416824524370814e-01 -5.064069666924899682e-01 1.051336758255040582e+00 3.536141273280529740e-01 6.780923606034772178e-01 0.000000000000000000e+00
5.919684338358096598e-01 -4.070293696462912170e-01 8.982019903828651897e-01 1.844157594542054635e-01 -2.643553416078913143e-01 3.206580597444353420e-01 5.519104610495589869e-01 -6.285308541742780086e-01 1.146203092378148963e-01 -6.564860456723283777e-01 5.766439171752886228e-01 1.781693764760502230e+00 2.373192645084771235e-01 0.000000000000000000e+00
-1.106471700876047404e+00 -1.613616257591818370e-01 -2.435850522038930599e+00 -5.477559902399112834e-01 -1.958584109888425462e-01 -1.675762580266289270e-01 9.567096058998010577e-02 -7.977252796933266277e-01 -3.193460037809004448e-01 -7.596654124709674161e-01 1.223952336829496002e+00 4.889058824532321879e-01 -1.730556870282470572e-01 0.000000000000000000e+00
-1.632748925716340560e+00 -1.795592364174862510e-01 3.486328949287232915e-01 6.530056792584405523e-01 -1.086318509036476421e+00 -6.232616212796224797e-01 -4.020448580931968441e-01 1.063413401016207294e+00 -4.028010639768069834e-01 -9.941639733769650489e-01 5.879718145192194823e-02 1.732251204944802170e-01 -2.642501207030746313e-01 0.000000000000000000e+00
-2.333299414819231254e-01 4.791089681131872891e-02 1.288052567470662213e-01 1.355890558964792270e+00 -1.273614803697938058e-01 -1.925219802002461345e+00 -1.024189631447167903e+00 -7.131280669338022626e-01 -1.270733690014237860e+00 3.659276798778214324e-01 -1.408435236430948923e+00 -1.916280875327735389e+00 -6.290278554023850388e-01 0.000000000000000000e+00
-1.106471700876047404e+00 -8.437720254455968183e-01 -2.375741402223622845e-01 1.238743079013733928e+00 -2.045275537703159063e+00 -2.163996898037350569e-01 -5.057356536521918633e-01 5.558301244590616585e-01 -3.527280278592632157e-01 -1.491300922497679871e+00 3.608744439572191820e-01 8.647163133565084481e-01 -4.314399157735919199e-01 0.000000000000000000e+00
9.747155064469327224e-01 -4.616222016212044865e-01 2.020811361409519114e-01 -1.572796439811674718e+00 7.630986176778401520e-01 2.517712489714226010e+00 1.723616450866205074e+00 -2.901420031361809926e-01 4.651315620606237267e-01 9.990737943240148855e-01 1.019510760955358447e-01 9.398783995371633448e-01 1.286055251768994490e+00 0.000000000000000000e+00
-1.848044154060096700e+00 1.349040058880083492e+00 -1.996195245675616681e+00 3.798140951538209881e-02 4.891108952016450795e-01 1.378499081581742391e+00 5.208032223818606088e-01 -9.669197052123753577e-01 3.319294620760635972e+00 -9.472642611957654557e-01 -1.020050184638424451e+00 2.634196239112666094e-01 -6.229482264907298950e-01 0.000000000000000000e+00
-3.648992476919979966e-01 1.176162757626191269e+00 -1.774650204070517961e-02 6.237188092706754672e-01 4.206139645825963114e-01 -1.030123552755509708e+00 -9.101297563322733319e-01 -1.559100194529045247e+00 -1.254042677975056419e+00 3.762969460942466177e-02 -8.905885007075826643e-01 -2.021507795980652666e+00 -5.074352771692816066e-01 0.000000000000000000e+00
8.909895843132492610e-01 -4.798198122795088727e-01 1.654431964440098712e-01 -9.870590400563813427e-01 -7.438338559412326356e-01 4.345794005576841812e-01 7.074466543880516545e-01 -5.439336414147540877e-01 3.649854898255355251e-01 3.190279676966216726e-01 7.061056011061292992e-01 3.987113790364458232e-01 1.681231131026580616e+00 0.000000000000000000e+00
-1.854865574055337973e-01 -5.981042815584873829e-01 5.684605331103803616e-01 -4.598953802766170829e-01 -3.328522722269400824e-01 2.392856734492581905e-01 3.030525517079706854e-01 -7.977252796933266277e-01 -2.191999315458122155e-01 -4.641972257294101900e-01 4.471822332444469472e-01 1.496077837274012445e+00 7.540877219991668490e-01 0.000000000000000000e+00
-1.010784932723266527e+00 -5.890054762293351898e-01 -2.009362005254186068e-01 1.004448119111616355e+00 -6.753369253221839230e-01 -8.999277346832256219e-01 -4.020448580931968441e-01 6.404273372185860236e-01 -5.228981115399847224e-02 -1.158312966011163292e+00 1.482875704691179353e+00 -5.633633240759414740e-01 -8.266157950311781022e-01 0.000000000000000000e+00
-3.409775556538012231e-01 -4.070293696462912170e-01 -6.039535371917891249e-01 -1.670266803989703952e-01 -9.493246477983789955e-01 -2.163996898037350569e-01 4.689578246023626829e-01 -7.977252796933266277e-01 2.982214416688099834e-01 -4.782671393837701901e-01 7.492594957497432651e-01 7.594893927035912817e-01 -1.608964292049367140e-01 0.000000000000000000e+00
2.809864373392726988e-01 1.567411386779735905e+00 -2.742120799193042968e-01 -5.477559902399112834e-01 2.151231727254500070e-01 4.996773095938261688e-01 5.726486201613579796e-01 -2.901420031361809926e-01 1.146203092378148963e-01 -2.625284633502521503e-01 -7.179729221331275779e-01 5.490355513977563939e-01 -2.642501207030746313e-01 0.000000000000000000e+00
-6.399987061312408798e-01 -6.708947241917050386e-01 -6.039535371917891249e-01 -1.084529404234412520e-01 4.256442079249326937e+00 2.718346279673292121e-01 1.993617561489753887e-01 -2.901420031361809926e-01 2.818564259585194964e+00 -1.087963397739363902e+00 7.492594957497432651e-01 -7.163886339092527880e-03 5.169821944446151285e-01 0.000000000000000000e+00
-1.393532005334389590e+00 -1.244119459928293425e+00 7.882881712920375428e-01 -4.013216403010879674e-01 -4.013492028459888505e-01 -2.163996898037350569e-01 1.371472788135782162e-01 -1.136114130731423977e+00 1.266300139941328950e+00 -8.769146929239661770e-01 -8.474346060639688094e-01 6.692948892868049171e-01 -7.506204336354884710e-01 0.000000000000000000e+00
1.118245658676102927e+00 -4.798198122795088727e-01 -3.474879593131899869e-01 -5.770428602276763685e-01 5.576078258206937921e-01 8.902647638106774286e-01 1.516234859748214481e+00 -2.901420031361809926e-01 8.156428148834322656e-01 1.866718469676206471e+00 5.766439171752886228e-01 6.993597237590670757e-01 1.498842263676925635e+00 0.000000000000000000e+00
-1.803471313816692317e-02 -5.344126442544221423e-01 8.615640506859232328e-01 3.113102758230672507e+00 2.681012675011205548e+00 1.573792808690167577e+00 8.422446886147457734e-01 -1.220711343490948231e+00 6.153506704132557514e-01 -7.362155563803675085e-01 1.396567915403951643e+00 1.300656413204308803e+00 6.628932883243392471e-01 0.000000000000000000e+00
2.980867093822239799e-02 -1.235020654599141565e+00 -2.399212582341987865e+00 -9.870590400563813427e-01 -9.493246477983789955e-01 -6.232616212796224797e-01 -4.949615319261330831e-02 -9.669197052123753577e-01 -2.191999315458122155e-01 -1.499691541153736207e-01 8.787211796805849406e-01 -2.326501448810581185e-01 -1.139716683981419454e+00 0.000000000000000000e+00
1.644522883516398082e+00 1.212557978942800041e+00 -3.108500196162479745e-01 -9.870590400563813427e-01 1.466262421064012667e-01 1.492420422394990620e+00 1.132578916179932227e+00 -7.131280669338022626e-01 9.992439473144270057e-01 -9.270017571774697221e-03 2.314127600263775064e-01 1.210461909787522439e+00 9.060784447905461114e-01 0.000000000000000000e+00
-1.250001853105217497e+00 -1.062143353345249563e+00 -2.375741402223622845e-01 4.772844593318521511e-01 7.812931148735249853e-02 1.703988626762451553e+00 6.456372192228174156e-02 -1.897489045567142485e+00 9.792929719863352478e-02 -8.018751534340469167e-01 1.564328680830805868e-02 7.444569754674599249e-01 3.619516571974081831e-01 0.000000000000000000e+00
4.005948975302481285e-01 -1.198625433282532793e+00 -1.774650204070517961e-02 -6.941903401787347105e-01 6.946016870587913283e-01 3.206580597444353420e-01 -8.064389607732780352e-01 1.655593890332877960e+00 -1.955065183620673608e+00 -8.206350383065267318e-01 1.451049707391497412e-01 -1.059433092868265813e+00 -5.146310879514359032e-02 0.000000000000000000e+00
-1.608827233678145952e+00 -3.433377323422259764e-01 -1.629815848706188897e+00 -9.870590400563813427e-01 -1.958584109888425462e-01 -1.176593848086828764e+00 -5.264738127639909671e-01 -1.209475776171322625e-01 -7.366213047604344144e-01 -5.251668515649697833e-01 1.051336758255040582e+00 -7.437523309095135371e-01 -1.030283363571626420e+00 0.000000000000000000e+00
-1.106471700876047404e+00 -3.888317589879868308e-01 -1.642982608284765667e-01 -2.548872903622645958e-01 -1.291809300893622670e+00 -1.192868325345864289e+00 -5.990573696552876637e-01 1.401802252054304754e+00 8.123828515945215323e-02 -1.181762822101763089e+00 4.040283386008330924e-01 -5.483309068398101171e-01 -8.722130118685919031e-01 0.000000000000000000e+00
-7.596071663222183634e-01 -9.529576893954232464e-01 7.150122918981518527e-01 -3.720347703133228823e-01 -1.273614803697938058e-01 1.416388098950451813e-01 5.933867792731570834e-01 1.328440606614403607e-01 8.156428148834322656e-01 -1.499691541153736207e-01 8.787211796805849406e-01 -5.032336551314172679e-01 -2.703297496147298307e-01 0.000000000000000000e+00
1.417266809153542528e+00 -6.072030868876395759e-01 4.219087743226090370e-01 -8.406246901175580266e-01 5.576078258206937921e-01 1.573792808690167577e+00 1.920628962428295949e+00 -2.901420031361809926e-01 4.484405500214423967e-01 1.772919045313806841e+00 1.051336758255040582e+00 2.784520411473973001e-01 2.775564335124511839e+00 0.000000000000000000e+00
3.168689753965647227e-01 1.840375546654302141e+00 -3.841258990101336646e-01 1.844157594542054635e-01 1.379570993249279010e+00 -1.209142802604899813e+00 -1.438952813683148868e+00 6.404273372185860236e-01 -4.028010639768069834e-01 2.476414728031799850e+00 -1.710512498936246129e+00 -1.615632530605114470e+00 2.069211199502012655e-01 0.000000000000000000e+00
-9.629415486468773100e-01 7.030248805102768950e-01 -1.642982608284765667e-01 -1.084529404234412520e-01 -2.643553416078913143e-01 -1.762475029412106320e+00 -1.646334404801139240e+00 3.866356989400134281e-01 -1.437643810406051381e+00 2.721282555154223015e-01 -1.408435236430948923e+00 -1.209757265229576273e+00 -7.810185781937643013e-01 0.000000000000000000e+00
-6.998029362267296216e-01 -5.890054762293351898e-01 -6.405914768887327471e-01 9.165875091483222104e-01 5.576078258206937921e-01 -5.418892349844450784e-01 1.271832414278387113e-02 -1.209475776171322625e-01 3.116524904190839593e-02 -1.341221843517841350e+00 3.177205493136052716e-01 4.889058824532321879e-01 -1.282587963405316112e+00 0.000000000000000000e+00
-1.489218773487170466e+00 3.845666939899501924e-01 2.033978120988092719e+00 1.844157594542054635e-01 2.151231727254500070e-01 -9.487511664603321959e-01 -4.949615319261330831e-02 2.078579954130498564e+00 -9.035314251522478246e-01 -5.251668515649697833e-01 1.051336758255040582e+00 -2.025853104087960155e-01 -4.861565759784884366e-01 0.000000000000000000e+00
-7.596071663222183634e-01 -5.708078655710310256e-01 -2.375741402223622845e-01 1.502324908903615697e+00 -8.123307865602814593e-01 -1.838507352856640631e-01 3.860051881551669339e-01 3.866356989400134281e-01 5.152045981781675499e-01 -1.313082016209121683e+00 -4.158956596278303719e-01 2.183223722028730662e-01 -1.291707406772798938e+00 0.000000000000000000e+00
-5.391725119545891232e-02 1.085174704334669560e+00 -5.438444173764721279e-02 -2.548872903622645958e-01 4.206139645825963114e-01 -1.534632347785609641e+00 -1.428583734127249372e+00 3.866356989400134281e-01 -1.087132557583242898e+00 1.689488887167834574e-01 -1.322127447143721213e+00 -1.330016603118624685e+00 -2.794491929822126020e-01 0.000000000000000000e+00
5.373036297641918535e-02 -5.526102549127265284e-01 6.783743522012081195e-01 -4.013216403010879674e-01 -1.273614803697938058e-01 1.904622416721520606e-01 3.652670290433678857e-01 -5.439336414147540877e-01 -2.525819556241749586e-01 -3.141181467495717805e-01 5.766439171752886228e-01 -1.875528931726652693e-01 1.027671023023649655e+00 0.000000000000000000e+00
1.254954390910031636e-01 -3.251401216839215902e-01 1.411133146140065131e+00 1.795193608781262329e+00 1.105583270773083937e+00 -2.163996898037350569e-01 -8.271771198850771389e-01 -7.977252796933266277e-01 -5.228981115399847224e-02 1.022523650414614682e+00 -1.624204709649018419e+00 -1.961378127036128571e+00 -1.039402806939109247e+00 0.000000000000000000e+00
